Some basic results
             train_rule ->  network_size -> cluster_size -> p
basinsGivenProbabilityT1 Storkey 36 2 0.1
10.5

basinsGivenProbabilityT1 Storkey 36 2 0.2
11

basinsGivenProbabilityT1 Storkey 36 2 0.3
11

basinsGivenProbabilityT1 Storkey 36 2 0.4
12

basinsGivenProbabilityT1 Storkey 36 2 0.5
12.5

basinsGivenProbabilityT1 Storkey 36 2 0.6
12.5

basinsGivenProbabilityT1 Storkey 36 2 0.7
12.5



basinsGivenStdT2 Hebbian 50 2 25 5
10.0


basinsGivenStdT2 Storkey 50 2 25 5
18.0


basinsGivenStdT2 Storkey 50 5 25 5
4.8

basinsGivenStdT2 Hebbian 50 5 25 5
4.4


basinsGivenStdT2 Hebbian 50 4 25 5
8.275
basinsGivenStdT2 Storkey 50 4 25 5
6.975
basinsGivenStdT2 Hebbian 50 6 25 10
4.45
basinsGivenStdT2 Storkey 50 6 25 10
5.616666666666666

basinsGivenStdT2 Hebbian 50 6 25 5
6.783333333333333
basinsGivenStdT2 Storkey 50 6 25 5
4.633333333333334
basinsGivenStdT2 Hebbian 50 4 25 10
7.325
basinsGivenStdT2 Storkey 50 4 25 10
9.2


dist/build/smallexp/small





"T1 experiment with 1 cluster"
  putStrLn $ show $ evalRand (repeatExperiment experimentUsingT1 Hebbian 1 50 8) (mkStdGen 1)
2.5686274509803924

"T1 experiment with 1 cluster"
  putStrLn $ show $ evalRand (repeatExperiment experimentUsingT1 Storkey 1 50 8) (mkStdGen 1)

7.522058823529412


T2 experiment with 1 cluster with no average but lists
(0.0,49.0) (2.0,14.4) (12.5,3.3)



mcr10@pixel04 ~/gp/imperialhopfield (git)-[parallel] % dist/build/clusterexp/cluster
T2 in IO() to be able to use parallel map with 50 neurons cluster of size 5
[(24.0,0.0),(9.2,2.0),(9.2,4.0),(4.8,6.0)]
[(24.0,0.0),(9.4,2.0),(9.2,4.0),(9.0,6.0)]
[(24.0,0.0),(4.6,2.0),(4.4,4.0),(4.4,6.0)]
[(24.0,0.0),(4.6,2.0),(9.2,4.0),(4.6,6.0)]
[(24.0,0.0),(4.6,2.0),(4.4,4.0),(4.4,6.0)]
[(24.0,0.0),(13.8,2.0),(4.6,4.0),(4.6,6.0)]
[(24.0,0.0),(4.6,2.0),(4.6,4.0),(4.0,6.0)]
[(24.0,0.0),(4.6,2.0),(4.6,4.0),(5.8,6.0)]
[(24.0,0.0),(9.2,2.0),(4.4,4.0),(4.4,6.0)]
[(24.0,0.0),(9.6,2.0),(4.6,4.0),(4.6,6.0)]
[(24.0,0.0),(4.6,2.0),(4.6,4.0),(4.2,6.0)]

T2 in IO() to be able to use parallel map with 50 neurons cluster of size 5
[(13.8,1.0),(9.2,3.0),(4.4,5.0),(5.2,7.0)]
[(9.2,1.0),(4.6,3.0),(9.2,5.0),(8.8,7.0)]
[(9.4,1.0),(4.6,3.0),(3.4,5.0),(5.8,7.0)]
[(14.4,1.0),(9.2,3.0),(9.2,5.0),(4.4,7.0)]
[(9.4,1.0),(4.6,3.0),(4.4,5.0),(3.6,7.0)]
[(9.2,1.0),(4.6,3.0),(4.6,5.0),(4.6,7.0)]
[(9.2,1.0),(4.6,3.0),(4.4,5.0),(3.4,7.0)]
[(14.4,1.0),(4.6,3.0),(1.4,5.0),(4.8,7.0)]
[(13.8,1.0),(4.6,3.0),(4.6,5.0),(0.8,7.0)]
[(9.2,1.0),(4.6,3.0),(4.6,5.0),(4.4,7.0)]
[(4.6,1.0),(4.6,3.0),(4.4,5.0),(2.8,7.0)]


T2 in IO() to be able to use parallel map std dev 0.0 2.0 and 12.5
[49.0,9.6,9.2]


T2 in IO() to be able to use parallel map with 50 neurons cluster of size 6
[29.0,14.0,9.333333333333334,14.0,9.333333333333334]
dist/build/clusterexp/clusterexp  503.22s user 5.29s system 99% cpu 8:30.08 total

p T2 60 5 10 0.0 10.0 1.0 +RTS -N8
Experiment typeT2
neurons  60  cluster 5
performed for 10 iterations
[(29.0,0.0),(17.0,1.0),(5.6,2.0),(5.6,3.0),(5.6,4.0),(5.4,5.0),(5.6,6.0),(5.6,7.0),(5.4,8.0),(5.6,9.0),(5.6,10.0)]
[(29.0,0.0),(11.2,1.0),(11.2,2.0),(5.6,3.0),(11.2,4.0),(11.2,5.0),(11.0,6.0),(11.0,7.0),(5.4,8.0),(5.0,9.0),(10.0,10.0)]
[(29.0,0.0),(17.4,1.0),(17.4,2.0),(5.8,3.0),(5.6,4.0),(5.6,5.0),(5.6,6.0),(5.6,7.0),(5.4,8.0),(5.6,9.0),(5.6,10.0)]
[(29.0,0.0),(17.2,1.0),(11.6,2.0),(11.4,3.0),(11.2,4.0),(5.6,5.0),(5.6,6.0),(11.0,7.0),(5.6,8.0),(5.6,9.0),(5.4,10.0)]
[(29.0,0.0),(16.8,1.0),(5.8,2.0),(5.6,3.0),(11.2,4.0),(5.6,5.0),(5.6,6.0),(5.6,7.0),(5.4,8.0),(5.4,9.0),(5.4,10.0)]
[(29.0,0.0),(17.4,1.0),(5.6,2.0),(5.6,3.0),(5.6,4.0),(5.6,5.0),(5.4,6.0),(5.6,7.0),(5.4,8.0),(5.4,9.0),(5.4,10.0)]
[(29.0,0.0),(11.4,1.0),(11.2,2.0),(5.6,3.0),(5.6,4.0),(10.8,5.0),(10.8,6.0),(10.8,7.0),(5.2,8.0),(5.4,9.0),(6.4,10.0)]
[(29.0,0.0),(17.4,1.0),(17.0,2.0),(17.0,3.0),(11.2,4.0),(11.2,5.0),(11.2,6.0),(11.2,7.0),(11.2,8.0),(11.2,9.0),(11.2,10.0)]
[(29.0,0.0),(11.2,1.0),(11.2,2.0),(5.6,3.0),(5.6,4.0),(5.6,5.0),(5.6,6.0),(5.4,7.0),(5.4,8.0),(5.4,9.0),(5.4,10.0)]
[(29.0,0.0),(11.6,1.0),(5.6,2.0),(5.6,3.0),(5.6,4.0),(5.4,5.0),(5.4,6.0),(5.4,7.0),(5.4,8.0),(5.4,9.0),(5.6,10.0)]
[(29.0,0.0),(11.4,1.0),(11.2,2.0),(11.2,3.0),(11.2,4.0),(11.2,5.0),(11.2,6.0),(5.4,7.0),(5.4,8.0),(5.4,9.0),(5.4,10.0)]
dist/build/clusterexp/clusterexp T2 60 5 10 0.0 10.0 1.0 +RTS -N8  33129.65s user 3026.87s system 758% cpu 1:19:25.26 total





T1 experiment with 1 cluster with no average but lists 100 and 10
[(0.0,49.0),(0.1,0.0),(0.2,0.0),(0.30000000000000004,0.0),(0.4000000000000001,20.4),(0.5000000000000001,18.2)]
^L[(0.0,49.0),(0.1,0.0),(0.2,0.0),(0.30000000000000004,0.1),(0.4000000000000001,19.1),(0.5000000000000001,23.2)]
[(0.0,49.0),(0.1,0.0),(0.2,0.0),(0.30000000000000004,0.1),(0.4000000000000001,17.4),(0.5000000000000001,20.8)]
[(0.0,49.0),(0.1,0.0),(0.2,0.0),(0.30000000000000004,0.3),(0.4000000000000001,17.5),(0.5000000000000001,21.9)]



Experiment typeT1
neurons  50  cluster 5
performed for 10 iterations
[(24.0,0.0),(0.0,5.0e-2),(0.0,0.1),(0.0,0.15000000000000002),(0.0,0.20000000000000004),(1.2,0.25000000000000006),(3.6,0.30000000000000004),(6.6,0.35000000000000003),(10.2,0.4),(12.8,0.45),(8.0,0.5),(9.6,0.55),(9.2,0.6000000000000001)]

[(24.0,0.0),(4.8,5.0e-2),(0.0,0.1),(0.0,0.15000000000000002),(0.0,0.20000000000000004),(0.0,0.25000000000000006),(3.6,0.30000000000000004),(5.4,0.35000000000000003),(9.8,0.4),(11.8,0.45),(12.8,0.5),(12.6,0.55),(11.8,0.6000000000000001)]

[(24.0,0.0),(4.6,5.0e-2),(0.0,0.1),(0.0,0.15000000000000002),(0.0,0.20000000000000004),(0.0,0.25000000000000006),(0.0,0.30000000000000004),(3.0,0.35000000000000003),(6.6,0.4),(7.0,0.45),(10.8,0.5),(12.8,0.55),(7.4,0.6000000000000001)]

[(24.0,0.0),(9.6,5.0e-2),(0.0,0.1),(0.0,0.15000000000000002),(0.0,0.20000000000000004),(1.2,0.25000000000000006),(9.4,0.30000000000000004),(12.0,0.35000000000000003),(10.8,0.4),(10.8,0.45),(12.2,0.5),(12.2,0.55),(11.2,0.6000000000000001)]

[(24.0,0.0),(9.6,5.0e-2),(0.0,0.1),(0.0,0.15000000000000002),(0.0,0.20000000000000004),(0.0,0.25000000000000006),(4.4,0.30000000000000004),(7.4,0.35000000000000003),(10.8,0.4),(10.8,0.45),(10.2,0.5),(11.6,0.55),(11.4,0.6000000000000001)]

[(24.0,0.0),(9.4,5.0e-2),(0.0,0.1),(0.0,0.15000000000000002),(0.0,0.20000000000000004),(1.6,0.25000000000000006),(3.0,0.30000000000000004),(8.0,0.35000000000000003),(9.4,0.4),(12.0,0.45),(12.2,0.5),(7.4,0.55),(6.0,0.6000000000000001)]

[(24.0,0.0),(0.0,5.0e-2),(0.0,0.1),(0.0,0.15000000000000002),(0.0,0.20000000000000004),(0.6,0.25000000000000006),(4.0,0.30000000000000004),(9.6,0.35000000000000003),(10.6,0.4),(10.0,0.45),(12.4,0.5),(11.0,0.55),(12.2,0.6000000000000001)]


[(24.0,0.0),(0.0,5.0e-2),(0.0,0.1),(0.0,0.15000000000000002),(0.0,0.20000000000000004),(6.4,0.25000000000000006),(11.6,0.30000000000000004),(12.8,0.35000000000000003),(12.6,0.4),(12.8,0.45),(12.4,0.5),(12.4,0.55),(11.4,0.6000000000000001)]


[(24.0,0.0),(4.6,5.0e-2),(0.0,0.1),(0.0,0.15000000000000002),(0.0,0.20000000000000004),(1.2,0.25000000000000006),(8.6,0.30000000000000004),(13.0,0.35000000000000003),(12.2,0.4),(7.4,0.45),(5.6,0.5),(9.6,0.55),(7.0,0.6000000000000001)]


[(24.0,0.0),(0.0,5.0e-2),(0.0,0.1),(0.0,0.15000000000000002),(0.0,0.20000000000000004),(0.4,0.25000000000000006),(2.0,0.30000000000000004),(6.4,0.35000000000000003),(9.4,0.4),(8.4,0.45),(9.0,0.5),(9.2,0.55),(5.8,0.6000000000000001)]


[(24.0,0.0),(0.0,5.0e-2),(0.0,0.1),(0.0,0.15000000000000002),(0.0,0.20000000000000004),(0.4,0.25000000000000006),(3.2,0.30000000000000004),(7.6,0.35000000000000003),(12.8,0.4),(13.0,0.45),(11.4,0.5),(10.8,0.55),(12.2,0.6000000000000001)]

dist/build/clusterexp/clusterexp T1 50 5 10 0.05  5555.28s user 63.28s system 99% cpu 1:33:55.80 total

Experiment typeT1
neurons  100  cluster 10
performed for 10 iterations
[(49.0,0.0),(0.0,0.1),(0.0,0.2),(0.0,0.30000000000000004),(12.4,0.4000000000000001),(20.3,0.5000000000000001),(15.3,0.6000000000000001)]
^C






























mcr10@pixel03 ~/gp/imperialhopfield (git)-[master] % dist/build/clusterexp/clusterexp T1 60 5 10 0.05
Experiment typeT1
neurons  60  cluster 5
performed for 10 iterations
[(29.0,0.0),(0.0,5.0e-2),(0.0,0.1),(0.0,0.15000000000000002),(0.0,0.20000000000000004),(0.0,0.25000000000000006),(9.6,0.30000000000000004),(12.8,0.35000000000000003),(11.6,0.4),(12.8,0.45),(13.6,0.5),(11.8,0.55),(13.0,0.6000000000000001)]
[(29.0,0.0),(5.6,5.0e-2),(0.0,0.1),(0.0,0.15000000000000002),(0.0,0.20000000000000004),(0.0,0.25000000000000006),(4.4,0.30000000000000004),(13.8,0.35000000000000003),(16.0,0.4),(13.8,0.45),(14.4,0.5),(12.0,0.55),(13.8,0.6000000000000001)]
[(29.0,0.0),(0.0,5.0e-2),(0.0,0.1),(0.0,0.15000000000000002),(0.0,0.20000000000000004),(0.8,0.25000000000000006),(4.4,0.30000000000000004),(10.2,0.35000000000000003),(12.6,0.4),(14.8,0.45),(14.8,0.5),(11.2,0.55),(10.6,0.6000000000000001)]
[(29.0,0.0),(5.6,5.0e-2),(0.0,0.1),(0.0,0.15000000000000002),(0.0,0.20000000000000004),(0.0,0.25000000000000006),(2.6,0.30000000000000004),(9.0,0.35000000000000003),(13.6,0.4),(14.4,0.45),(14.8,0.5),(16.8,0.55),(17.6,0.6000000000000001)]
[(29.0,0.0),(0.0,5.0e-2),(0.0,0.1),(0.0,0.15000000000000002),(0.0,0.20000000000000004),(0.0,0.25000000000000006),(1.8,0.30000000000000004),(11.0,0.35000000000000003),(16.6,0.4),(16.6,0.45),(14.0,0.5),(15.6,0.55),(15.6,0.6000000000000001)]
[(29.0,0.0),(0.0,5.0e-2),(0.0,0.1),(0.0,0.15000000000000002),(0.0,0.20000000000000004),(0.8,0.25000000000000006),(4.2,0.30000000000000004),(13.4,0.35000000000000003),(14.4,0.4),(15.6,0.45),(16.4,0.5),(16.4,0.55),(15.8,0.6000000000000001)]
[(29.0,0.0),(5.8,5.0e-2),(0.0,0.1),(0.0,0.15000000000000002),(0.0,0.20000000000000004),(1.0,0.25000000000000006),(5.0,0.30000000000000004),(13.0,0.35000000000000003),(16.8,0.4),(16.6,0.45),(16.4,0.5),(15.8,0.55),(15.4,0.6000000000000001)]
[(29.0,0.0),(5.6,5.0e-2),(0.0,0.1),(0.0,0.15000000000000002),(0.0,0.20000000000000004),(0.0,0.25000000000000006),(2.4,0.30000000000000004),(10.0,0.35000000000000003),(13.2,0.4),(16.2,0.45),(16.4,0.5),(16.4,0.55),(13.8,0.6000000000000001)]
[(29.0,0.0),(5.6,5.0e-2),(0.0,0.1),(0.0,0.15000000000000002),(0.0,0.20000000000000004),(0.4,0.25000000000000006),(5.2,0.30000000000000004),(16.0,0.35000000000000003),(16.0,0.4),(16.8,0.45),(15.6,0.5),(15.2,0.55),(16.2,0.6000000000000001)]
[(29.0,0.0),(11.4,5.0e-2),(0.0,0.1),(0.0,0.15000000000000002),(0.0,0.20000000000000004),(0.0,0.25000000000000006),(0.0,0.30000000000000004),(5.4,0.35000000000000003),(16.2,0.4),(16.0,0.45),(15.8,0.5),(14.8,0.55),(10.6,0.6000000000000001)]
[(29.0,0.0),(0.0,5.0e-2),(0.0,0.1),(0.0,0.15000000000000002),(0.0,0.20000000000000004),(0.0,0.25000000000000006),(0.6,0.30000000000000004),(13.2,0.35000000000000003),(15.0,0.4),(15.4,0.45),(15.4,0.5),(16.2,0.55),(16.8,0.6000000000000001)]
dist/build/clusterexp/clusterexp T1 60 5 10 0.05  11145.01s user 125.90s system 99% cpu 3:08:25.66 total




exp T2 100 10 10 3.0 +RTS -N8
Experiment typeT2
neurons  100  cluster 10
performed for 10 iterations
[(49.0,0.0),(14.4,3.0),(9.4,6.0),(9.4,9.0),(9.2,12.0)]
[(49.0,0.0),(4.8,3.0),(4.7,6.0),(4.7,9.0),(4.7,12.0)]
^C

------------------------------------



Experiment typeT2
neurons  50  cluster 5
performed for 10 iterations
[(24.0,0.0),(14.4,0.5),(13.8,1.0),(13.8,1.5),(9.2,2.0),(9.2,2.5),(9.2,3.0),(9.2,3.5),(9.2,4.0),(9.2,4.5),(4.4,5.0),(8.8,5.5),(4.8,6.0),(9.2,6.5),(5.2,7.0),(9.6,7.5),(6.0,8.0),(10.4,8.5),(6.4,9.0),(6.8,9.5),(6.4,10.0)]
[(24.0,0.0),(24.0,0.5),(9.2,1.0),(9.2,1.5),(9.4,2.0),(4.6,2.5),(4.6,3.0),(4.6,3.5),(9.2,4.0),(9.2,4.5),(9.2,5.0),(9.2,5.5),(9.0,6.0),(9.0,6.5),(8.8,7.0),(4.4,7.5),(4.4,8.0),(4.0,8.5),(4.0,9.0),(5.4,9.5),(5.4,10.0)]
[(24.0,0.0),(9.4,0.5),(9.4,1.0),(4.6,1.5),(4.6,2.0),(4.6,2.5),(4.6,3.0),(4.6,3.5),(4.4,4.0),(4.6,4.5),(3.4,5.0),(3.8,5.5),(4.4,6.0),(5.4,6.5),(5.8,7.0),(5.8,7.5),(5.8,8.0),(5.6,8.5),(5.6,9.0),(5.2,9.5),(5.4,10.0)]
[(24.0,0.0),(19.2,0.5),(14.4,1.0),(9.2,1.5),(4.6,2.0),(9.4,2.5),(9.2,3.0),(9.2,3.5),(9.2,4.0),(4.6,4.5),(9.2,5.0),(4.6,5.5),(4.6,6.0),(9.2,6.5),(4.4,7.0),(9.2,7.5),(4.4,8.0),(4.4,8.5),(9.0,9.0),(4.6,9.5),(4.6,10.0)]
[(24.0,0.0),(9.4,0.5),(9.4,1.0),(4.6,1.5),(4.6,2.0),(4.6,2.5),(4.6,3.0),(4.6,3.5),(4.4,4.0),(4.6,4.5),(4.4,5.0),(4.4,5.5),(4.4,6.0),(4.4,6.5),(3.6,7.0),(3.0,7.5),(3.4,8.0),(4.2,8.5),(3.8,9.0),(3.4,9.5),(4.0,10.0)]
[(24.0,0.0),(24.0,0.5),(9.2,1.0),(9.2,1.5),(13.8,2.0),(9.4,2.5),(4.6,3.0),(4.6,3.5),(4.6,4.0),(4.6,4.5),(4.6,5.0),(4.6,5.5),(4.6,6.0),(4.6,6.5),(4.6,7.0),(4.6,7.5),(4.6,8.0),(4.6,8.5),(4.6,9.0),(4.6,9.5),(4.6,10.0)]
[(24.0,0.0),(9.2,0.5),(9.2,1.0),(9.6,1.5),(4.6,2.0),(4.6,2.5),(4.6,3.0),(4.6,3.5),(4.6,4.0),(4.4,4.5),(4.4,5.0),(4.4,5.5),(4.0,6.0),(4.0,6.5),(3.4,7.0),(4.4,7.5),(4.4,8.0),(4.8,8.5),(5.0,9.0),(4.6,9.5),(5.6,10.0)]
[(24.0,0.0),(14.2,0.5),(14.4,1.0),(9.2,1.5),(4.6,2.0),(9.2,2.5),(4.6,3.0),(4.6,3.5),(4.6,4.0),(4.6,4.5),(1.4,5.0),(2.0,5.5),(5.8,6.0),(5.4,6.5),(4.8,7.0),(4.8,7.5),(4.6,8.0),(4.6,8.5),(4.4,9.0),(4.4,9.5),(4.4,10.0)]
[(24.0,0.0),(13.8,0.5),(13.8,1.0),(13.8,1.5),(9.2,2.0),(9.2,2.5),(4.6,3.0),(9.2,3.5),(4.4,4.0),(4.4,4.5),(4.6,5.0),(4.4,5.5),(4.4,6.0),(4.4,6.5),(0.8,7.0),(4.4,7.5),(0.6,8.0),(4.4,8.5),(4.2,9.0),(4.6,9.5),(4.6,10.0)]
[(24.0,0.0),(14.4,0.5),(9.2,1.0),(4.6,1.5),(9.6,2.0),(9.4,2.5),(4.6,3.0),(4.6,3.5),(4.6,4.0),(4.6,4.5),(4.6,5.0),(4.6,5.5),(4.6,6.0),(4.6,6.5),(4.4,7.0),(4.6,7.5),(4.6,8.0),(4.6,8.5),(4.6,9.0),(4.6,9.5),(4.6,10.0)]
[(24.0,0.0),(14.4,0.5),(4.6,1.0),(14.2,1.5),(4.6,2.0),(4.6,2.5),(4.6,3.0),(4.4,3.5),(4.6,4.0),(4.6,4.5),(4.4,5.0),(4.6,5.5),(4.2,6.0),(1.6,6.5),(2.8,7.0),(3.6,7.5),(5.0,8


Experiment typeT2
neurons  100  cluster 10
performed for 10 iterations
[(49.0,0.0),(14.4,3.0),(9.4,6.0),(9.4,9.0),(9.2,12.0)]
[(49.0,0.0),(4.8,3.0),(4.7,6.0),(4.7,9.0),(4.7,12.0)]
[(49.0,0.0),(3.2,3.0),(3.2,6.0),(4.8,9.0),(6.0,12.0)]
[(49.0,0.0),(9.6,3.0),(9.6,6.0),(4.8,9.0),(9.4,12.0)]
[(49.0,0.0),(14.4,3.0),(9.4,6.0),(9.4,9.0),(9.3,12.0)]
[(49.0,0.0),(4.8,3.0),(2.0,6.0),(2.2,9.0),(2.7,12.0)]
[(49.0,0.0),(9.6,3.0),(1.5,6.0),(4.8,9.0),(4.5,12.0)]
[(49.0,0.0),(14.4,3.0),(9.4,6.0),(14.1,9.0),(4.6,12.0)]
[(49.0,0.0),(9.6,3.0),(9.5,6.0),(4.7,9.0),(4.7,12.0)]
[(49.0,0.0),(9.6,3.0),(9.6,6.0),(9.4,9.0),(9.1,12.0)]
[(49.0,0.0),(9.6,3.0),(2.5,6.0),(3.8,9.0),(3.6,12.0)]
