
11.5 0.0
11.5 0.0
14.1 0.0
14.4 0.0
11.4 0.0
11.5 0.0
11.4 0.0
11.6 0.0
11.7 0.0
11.5 0.0
4.6 0.5
11.5 0.5
6.9 0.5
7.0 0.5
9.2 0.5
11.5 0.5
6.9 0.5
9.2 0.5
4.6 0.5
11.5 0.5

 6.9   1.0
 6.9   1.0
 2.3   1.0
 6.9   1.0
 4.5   1.0
 4.6   1.0
 2.3   1.0
 9.2   1.0
 4.7   1.0
 4.6   1.0
 2.8   1.5
 4.6   1.5
 4.6   1.5
 2.4   1.5
 4.5   1.5
 6.9   1.5
 2.3   1.5
 2.3   1.5
 7.0   1.5
 6.9   1.5


4.6  2.0
4.5  2.0
1.1  2.0
1.6  2.0
4.6  2.0
9.2  2.0
0.5  2.0
4.6  2.0
6.9  2.0
2.3  2.0
1.8  2.5
3.5  2.5
2.3  2.5
6.9  2.5
4.5  2.5
2.3  2.5
2.2  2.5
6.8  2.5
2.3  2.5
4.6  2.5


4.4  3.0
4.6  3.0
0.3  3.0
9.2  3.0
4.6  3.0
4.6  3.0
9.2  3.0
4.6  3.0
6.9  3.0
2.2  3.0
1.2  3.5
3.4  3.5
6.9  3.5
4.6  3.5
2.2  3.5
4.6  3.5
1.4  3.5
4.5  3.5
6.9  3.5
4.6  3.5


2.5   4.0
4.5   4.0
2.3   4.0
9.2   4.0
4.6   4.0
4.6   4.0
6.9   4.0
6.9   4.0
4.5   4.0
1.4   4.0
1.2   4.5
5.7   4.5
6.9   4.5
4.6   4.5
0.7   4.5
4.6   4.5
0.8   4.5
4.5   4.5
6.9   4.5
4.5   4.5


2.5  5.0
4.5  5.0
2.3  5.0
6.9  5.0
2.3  5.0
4.6  5.0
9.1  5.0
6.9  5.0
4.4  5.0
1.0  5.0
1.4  5.5
1.8  5.5
6.9  5.5
4.4  5.5
1.3  5.5
4.6  5.5
0.8  5.5
2.3  5.5
9.2  5.5
0.7  5.5



2.2   6.0
1.9   6.0
2.2   6.0
4.6   6.0
4.5   6.0
6.9   6.0
6.7   6.0
4.6   6.0
4.4   6.0
1.1   6.0
1.7   6.5
1.4   6.5
6.8   6.5
2.9   6.5
1.6   6.5
4.4   6.5
1.0   6.5
2.2   6.5
6.9   6.5
0.7   6.5



3.7  7.0
1.7  7.0
2.1  7.0
4.6  7.0
2.3  7.0
4.6  7.0
6.7  7.0
4.6  7.0
2.7  7.0
1.4  7.0
3.6  7.5
1.7  7.5
4.4  7.5
2.3  7.5
1.1  7.5
4.5  7.5
1.2  7.5
2.2  7.5
4.6  7.5
0.5  7.5

1.9  8.0
0.9  8.0
3.4  8.0
4.5  8.0
2.2  8.0
4.6  8.0
6.7  8.0
4.6  8.0
2.2  8.0
1.3  8.0
1.9  8.5
2.3  8.5
4.4  8.5
1.7  8.5
2.2  8.5
4.5  8.5
1.1  8.5
0.4  8.5
2.3  8.5
0.3  8.5





3.5  9.0
1.4  9.0
3.8  9.0
4.6  9.0
1.7  9.0
2.2  9.0
6.7  9.0
4.6  9.0
1.8  9.0
1.3  9.0
3.2  9.5
0.3  9.5
0.4  9.5
1.7  9.5
4.0  9.5
2.3  9.5
1.6  9.5
0.5  9.5
2.3  9.5
0.6  9.5


3.5    10.0
1.2    10.0
5.6    10.0
4.5    10.0
2.8    10.0
6.9    10.0
6.8    10.0
6.8    10.0
1.6    10.0
1.7    10.0
3.5    10.5
0.7    10.5
0.4    10.5
1.4    10.5
4.4    10.5
2.2    10.5
1.9    10.5
0.5    10.5
4.5    10.5
0.6    10.5

3.8 16.5
2.5 16.5
2.9 16.5
0.6 16.5
4.2 16.5
2.3 16.5
4.1 16.5
0.4 16.5
3.9 16.5
3.9 16.5


3.8 16.0
2.5 16.0
5.0 16.0
0.7 16.0
4.3 16.0
2.2 16.0
4.1 16.0
0.4 16.0
3.5 16.0
1.3 16.0
4.4 15.5
2.3 15.5
5.2 15.5
0.6 15.5
2.1 15.5
2.2 15.5
3.4 15.5
2.2 15.5
3.0 15.5
1.3 15.5
4.2 15.0
2.5 15.0
3.3 15.0
0.8 15.0
2.0 15.0
0.4 15.0
4.0 15.0
2.2 15.0
2.6 15.0
2.4 15.0

4.4 14.5
2.6 14.5
3.4 14.5
1.0 14.5
2.0 14.5
0.4 14.5
3.9 14.5
2.2 14.5
2.7 14.5
2.4 14.5

3.1  14.0
2.7  14.0
2.4  14.0
2.4  14.0
2.1  14.0
0.3  14.0
3.7  14.0
2.2  14.0
2.5  14.0
3.8  14.0

2.6 13.5
2.8 13.5
2.4 13.5
2.2 13.5
2.0 13.5
0.3 13.5
3.8 13.5
2.2 13.5
2.4 13.5
3.7 13.5

4.4  10.0
4.5  17.0
2.8  10.0
2.3  17.0
2.6  10.0
2.9  17.0
2.6  10.0
0.5  17.0
2.3  10.0
4.3  17.0
2.2  10.0
2.2  17.0
3.3  10.0
3.8  17.0
2.2  10.0
0.4  17.0
1.5  10.0
2.2  17.0
1.3  10.0
4.4  17.0

4.5 10.5
4.3 17.5
2.8 10.5
3.6 17.5
2.7 10.5
2.9 17.5
2.7 10.5
2.1 17.5
2.2 10.5
4.2 17.5
2.1 10.5
2.2 17.5
3.6 10.5
3.9 17.5
2.2 10.5
0.3 17.5
1.5 10.5
5.2 17.5
1.4 10.5
3.9 17.5


4.6  1.0
4.4  8.0
3.1  1.0
3.7  8.0
4.3  1.0
2.8  8.0
2.7  1.0
2.9  8.0
2.1  1.0
4.5  8.0
1.8  1.0
2.2  8.0
3.6  1.0
3.7  8.0
2.2  1.0
0.3  8.0
1.5  1.0
5.4  8.0
1.7  1.0
3.9  8.0

4.6 11.5
4.4 18.5
3.2 11.5
3.7 18.5
4.6 11.5
2.5 18.5
2.7 11.5
2.4 18.5
2.0 11.5
4.5 18.5
1.8 11.5
2.2 18.5
3.7 11.5
3.6 18.5
2.2 11.5
0.2 18.5
1.7 11.5
6.7 18.5
2.1 11.5
4.2 18.5


4.4 12.0
4.1 19.0
2.8 12.0
3.8 19.0
4.5 12.0
2.5 19.0
2.0 12.0
2.1 19.0
2.0 12.0
4.5 19.0
1.6 12.0
2.2 19.0
4.0 12.0
3.6 19.0
2.2 12.0
0.2 19.0
1.9 12.0
7.1 19.0
1.9 12.0
4.2 19.0


4.6 12.5
4.0 19.5
2.9 12.5
2.1 19.5
4.3 12.5
3.9 19.5
2.3 12.5
1.7 19.5
2.1 12.5
2.4 19.5
1.6 12.5
2.2 19.5
3.8 12.5
3.4 19.5
2.3 12.5
0.2 19.5
1.9 12.5
8.8 19.5
1.9 12.5
4.1 19.5




2.4 13.0
4.6 20.0
2.8 13.0
2.2 20.0
2.5 13.0
2.1 20.0
2.1 13.0
2.7 20.0
2.0 13.0
2.4 20.0
1.4 13.0
2.2 20.0
4.0 13.0
3.7 20.0
2.3 13.0
0.2 20.0
1.8 13.0
8.8 20.0
3.7 13.0
2.2 20.0
